name: ihc_env
channels:
  - conda-forge
  - defaults
  - pkgs/main
dependencies:
  - affine=2.3.0=pyhd3eb1b0_0
  - attrs=23.1.0=py312haa95532_0
  - blas=1.0=mkl
  - blosc=1.21.3=h6c2663c_0
  - boost-cpp=1.82.0=h59b6b97_2
  - bzip2=1.0.8=h2bbff1b_6
  - ca-certificates=2024.7.4=h56e8100_0
  - cairo=1.16.0=haedb8bc_5
  - certifi=2024.7.4=py312haa95532_0
  - cfitsio=3.470=h2bbff1b_7
  - click=8.1.7=py312haa95532_0
  - click-plugins=1.1.1=pyhd3eb1b0_0
  - cligj=0.7.2=pyhd3eb1b0_0
  - colorama=0.4.6=py312haa95532_0
  - expat=2.6.2=hd77b12b_0
  - fontconfig=2.14.1=hb33846d_3
  - freetype=2.12.1=ha860e81_0
  - freexl=2.0.0=hd7a5696_0
  - gdal=3.6.2=py312h8827949_5
  - geos=3.8.0=h33f27b4_0
  - geotiff=1.7.0=h4545760_3
  - glib=2.78.4=hd77b12b_0
  - glib-tools=2.78.4=hd77b12b_0
  - hdf4=4.2.13=h712560f_2
  - hdf5=1.12.1=h51c971a_3
  - icc_rt=2022.1.0=h6049295_2
  - intel-openmp=2023.1.0=h59b6b97_46320
  - jpeg=9e=h827c3e9_3
  - kealib=1.5.0=hde4a422_1
  - krb5=1.20.1=h5b6d351_0
  - lcms2=2.12=h83e58a3_0
  - lerc=3.0=hd77b12b_0
  - libboost=1.82.0=h3399ecb_2
  - libcurl=8.7.1=h86230a5_0
  - libdeflate=1.17=h2bbff1b_1
  - libffi=3.4.4=hd77b12b_1
  - libgdal=3.6.2=h0e70117_5
  - libglib=2.78.4=ha17d25a_0
  - libiconv=1.16=h2bbff1b_3
  - libkml=1.3.0=h63940dd_7
  - libnetcdf=4.8.1=h6685c40_4
  - libpng=1.6.39=h8cc25b3_0
  - libpq=12.17=h906ac69_0
  - libspatialite=5.1.0=h25d3e1c_1
  - libssh2=1.11.0=h291bd65_0
  - libtiff=4.5.1=hd77b12b_0
  - libwebp-base=1.3.2=h2bbff1b_0
  - libxml2=2.13.1=h24da03e_2
  - libzip=1.8.0=h289538f_1
  - lz4-c=1.9.4=h2bbff1b_1
  - minizip=4.0.3=hb68bac4_0
  - mkl=2023.1.0=h6b88ed4_46358
  - mkl-service=2.4.0=py312h2bbff1b_1
  - mkl_fft=1.3.8=py312h2bbff1b_0
  - mkl_random=1.2.4=py312h59b6b97_0
  - numpy=1.26.4=py312hfd52020_0
  - numpy-base=1.26.4=py312h4dde369_0
  - openjpeg=2.5.2=hae555c5_0
  - openssl=3.3.1=h2466b09_3
  - pcre2=10.42=h0ff8eda_1
  - pip=24.2=py312haa95532_0
  - pixman=0.40.0=h2bbff1b_1
  - poppler=22.12.0=h0bf3bde_3
  - poppler-data=0.4.11=haa95532_1
  - proj=9.3.1=ha107b6e_0
  - pyparsing=3.0.9=py312haa95532_0
  - python=3.12.4=h14ffc60_1
  - qhull=2020.2=h59b6b97_2
  - rasterio=1.3.10=py312hca534e7_0
  - setuptools=72.1.0=py312haa95532_0
  - snuggs=1.4.7=pyhd3eb1b0_0
  - sqlite=3.45.3=h2bbff1b_0
  - tbb=2021.8.0=h59b6b97_0
  - tiledb=2.3.3=hd8964de_3
  - tk=8.6.14=h0416ee5_0
  - tzdata=2024a=h04d1e81_0
  - ucrt=10.0.22621.0=h57928b3_0
  - uriparser=0.9.7=h2bbff1b_0
  - vc=14.40=h2eaa2aa_0
  - vc14_runtime=14.40.33810=ha82c5b3_20
  - vs2015_runtime=14.40.33810=h3bf8584_20
  - wheel=0.43.0=py312haa95532_0
  - xerces-c=3.2.4=hd77b12b_1
  - xz=5.4.6=h8cc25b3_1
  - zlib=1.2.13=h8cc25b3_1
  - zstd=1.5.5=hd43e919_2
  - pip:
      - altgraph==0.17.4
      - auto-py-to-exe==2.44.1
      - bottle==0.12.25
      - bottle-websocket==0.2.9
      - cffi==1.17.0
      - charset-normalizer==3.3.2
      - eel==0.17.0
      - future==1.0.0
      - gevent==24.2.1
      - gevent-websocket==0.10.1
      - greenlet==3.0.3
      - idna==3.8
      - packaging==24.1
      - pefile==2024.8.26
      - pycparser==2.22
      - pyinstaller==6.10.0
      - pyinstaller-hooks-contrib==2024.8
      - pywin32-ctypes==0.2.3
      - requests==2.32.3
      - urllib3==2.2.2
      - whichcraft==0.6.1
      - zope-event==5.0
      - zope-interface==7.0.2
prefix: C:\Users\artur\anaconda3\envs\ihc_env
